63,87,10,27314
54,26,59,0
67,21,14,0
56,37,44,0
34,53,36,0
95,55,15,0
71,35,25,0
98,41,56,0
11,30,10,0
84,74,69,0
48,57,18,0
98,63,89,0
66,15,17,0
69,22,23,0
74,99,77,0
25,44,53,0
73,20,30,0
38,64,38,0
22,90,61,0
13,79,28,0
65,91,47,0
63,82,74,0
19,18,37,0
28,57,70,0
17,42,85,0
54,46,61,0
73,50,54,0
58,37,87,0
78,13,64,0
30,85,16,0
53,45,69,0
76,60,93,0
98,97,71,0
35,82,56,0
32,58,40,0
89,93,67,0
63,67,59,0
32,81,86,0
34,17,34,0
93,13,27,0
70,75,96,0
85,86,18,0
43,48,35,0
34,62,74,0
75,24,73,0
72,72,14,0
77,91,35,0
29,80,69,0
58,68,87,0
16,36,89,0
11,94,79,0
12,55,60,0
33,16,64,0
65,12,55,0
29,63,23,0
17,99,40,0
41,97,52,0
73,63,20,0
71,63,79,0
13,68,94,0
30,30,80,0
96,43,84,0
59,97,82,0
94,39,12,0
84,79,63,0
10,75,37,0
58,69,11,0
20,35,87,0
10,97,63,0
55,24,79,0
15,55,24,0
75,96,98,0
64,88,95,0
58,68,66,0
39,73,75,0
63,89,45,0
78,87,85,0
63,81,54,0
28,29,83,0
15,41,14,0
94,55,32,0
22,89,77,0
49,16,71,0
97,65,53,0
73,79,42,0
94,94,85,0
27,26,71,0
50,64,95,0
98,81,13,0
45,35,66,0
34,55,61,0
18,37,30,0
32,64,94,0
18,26,17,0
63,71,94,0
56,57,37,0
67,91,41,0
63,79,68,0
25,99,62,0
54,38,22,0
52,77,75,0
75,72,29,0
19,15,38,0
62,24,18,0
97,39,19,0
10,54,93,0
79,36,54,0
41,34,43,0
67,67,92,0
31,12,97,0
50,76,74,0
78,33,80,0
41,81,16,0
40,82,14,0
37,53,98,0
92,60,91,0
77,71,69,0
97,50,82,0
13,21,82,0
59,70,69,0
86,53,99,0
80,53,89,0
88,95,90,0
72,42,45,0
92,35,22,0
75,38,52,0
41,48,61,0
69,59,41,0
28,86,95,0
75,79,42,0
85,59,87,0
34,20,97,0
46,82,36,0
34,91,69,0
47,83,64,0
62,75,74,0
58,87,65,0
78,94,47,0
94,77,42,0
49,61,96,0
17,67,32,0
40,50,87,0
52,42,93,0
23,90,45,0
78,84,61,0
47,40,35,0
82,24,74,0
42,11,70,0
98,65,66,0
32,77,60,0
19,96,24,0
38,46,62,0
67,14,37,0
99,93,73,0
61,50,89,0
60,92,70,0
80,86,93,0
45,18,74,0
71,11,72,0
35,48,15,0
67,83,75,0
49,64,95,0
12,75,45,0
46,16,51,0
28,36,21,0
77,71,25,0
99,78,50,0
87,98,36,0
94,51,37,0
37,15,28,0
44,57,30,0
24,29,98,0
84,65,88,0
46,48,16,0
56,95,60,0
31,96,91,0
45,54,62,0
79,16,99,0
15,49,40,0
91,10,65,0
46,62,71,0
90,61,96,0
12,22,96,0
24,33,94,0
90,85,86,0
38,43,15,0
11,14,98,0
12,86,72,0
48,62,75,0
45,71,53,0
69,83,99,0
55,11,10,0
75,48,82,0
52,75,19,0
95,32,77,0
20,36,43,0
42,62,65,0
25,24,33,0
19,63,20,0
84,58,70,0
82,93,37,0
79,27,44,0
90,80,43,0
66,55,98,0
87,98,72,0
83,24,34,0
63,39,42,0
78,96,72,0
38,74,55,0
10,32,58,0
21,63,32,0
27,42,17,0
29,21,41,0
50,82,97,0
47,64,64,0
17,79,63,0
29,79,80,0
89,94,64,0
43,89,55,0
51,89,58,0
25,43,38,0
32,82,82,0
27,11,82,0
69,84,55,0
46,70,31,0
22,67,51,0
42,34,44,0
49,27,24,0
25,69,77,0
67,53,67,0
79,56,97,0
47,16,12,0
43,35,94,0
94,19,39,0
23,68,43,0
99,66,98,0
45,25,20,0
28,16,26,0
55,80,73,0
56,74,81,0
47,18,22,0
43,11,75,0
55,63,15,0
34,60,16,0
85,18,78,0
80,10,44,0
63,59,29,0
12,16,98,0
93,74,12,0
37,94,60,0
96,54,42,0
32,66,12,0
66,63,64,0
61,14,27,0
51,62,14,0
39,39,97,0
68,34,29,0
94,18,27,0
11,30,23,0
81,71,37,0
32,81,30,0
44,86,22,0
15,95,78,0
74,65,49,0
19,77,57,0
28,87,61,0
44,17,59,0
11,35,32,0
54,93,42,0
47,68,16,0
55,86,62,0
92,62,55,0
94,37,25,0
52,72,95,0
76,86,20,0
81,21,15,0
43,62,69,0
65,46,89,0
90,20,18,0
52,98,29,0
20,89,51,0
34,44,75,0
50,88,26,0
17,94,13,0
90,78,93,0
66,34,40,0
18,27,63,0
50,16,37,0
25,66,38,0
35,92,55,0
86,19,57,0
63,77,97,0
97,16,32,0
10,97,66,0
15,92,90,0
49,24,53,0
59,84,44,0
59,81,71,0
36,37,64,0
30,11,11,0
70,87,37,0
96,33,80,0
94,85,16,0
45,28,25,0
31,71,14,0
65,67,75,0
18,62,84,0
86,51,29,0
66,79,57,0
51,80,16,0
16,56,91,0
78,36,16,0
85,86,34,0
77,19,42,0
84,70,70,0
91,48,10,0
56,89,69,0
23,34,44,0
20,85,88,0
33,94,94,0
21,55,78,0
72,85,88,0
74,48,85,0
58,41,91,0
75,89,69,0
75,55,61,0
17,10,82,0
50,10,87,0
45,92,68,0
75,61,21,0
64,87,50,0
64,68,10,0
64,10,11,0
20,84,84,0
80,28,30,0
70,84,92,0
72,53,64,0
22,22,96,0
58,36,50,0
70,38,85,0
55,21,10,0
83,45,80,0
93,85,93,0
52,44,96,0
95,40,24,0
33,32,26,0
47,18,52,0
54,29,33,0
76,81,98,0
28,30,65,0
20,71,84,0
14,28,32,0
76,81,20,0
26,67,27,0
26,22,24,0
89,98,73,0
54,21,49,0
17,82,63,0
37,77,93,0
37,25,10,0
80,45,75,0
48,12,35,0
98,60,59,0
89,84,64,0
94,68,57,0
53,88,33,0
98,61,38,0
43,23,68,0
43,26,76,0
26,94,61,0
93,20,20,0
40,58,62,0
45,47,54,0
25,49,72,0
41,55,78,0
88,97,59,0
15,28,39,0
21,60,88,0
97,21,52,0
13,67,51,0
22,16,50,0
69,83,14,0
98,10,57,0
25,71,88,0
82,24,41,0
86,92,61,0
14,25,25,0
10,67,44,0
87,32,79,0
91,20,98,0
61,95,42,0
65,89,26,0
34,67,20,0
94,86,68,0
30,19,55,0
32,64,71,0
46,84,56,0
43,14,21,0
56,80,34,0
62,84,85,0
65,65,66,0
10,51,35,0
20,76,48,0
91,69,28,0
20,17,74,0
12,38,61,0
38,89,51,0
26,10,78,0
99,80,61,0
34,37,10,0
18,58,94,0
97,93,16,0
90,59,23,0
16,58,56,0
74,31,60,0
90,27,27,0
19,90,35,0
62,41,95,0
86,62,65,0
53,96,46,0
67,41,80,0
90,85,28,0
12,92,66,0
97,13,42,0
15,54,41,0
74,68,54,0
15,65,77,0
22,50,76,0
29,24,17,0
70,16,64,0
20,57,65,0
55,60,83,0
31,86,41,0
57,88,75,0
80,49,94,0
52,65,35,0
98,28,49,0
25,27,88,0
26,63,21,0
77,45,24,0
54,43,52,0
92,41,72,0
68,60,97,0
60,77,29,0
83,56,32,0
48,98,97,0
97,70,69,0
32,78,27,0
33,24,36,0
19,87,41,0
94,15,62,0
14,59,82,0
26,64,77,0
73,78,70,0
90,99,33,0
65,87,62,0
46,54,32,0
80,90,37,0
68,42,61,0
84,67,21,0
81,78,62,0
15,35,35,0
58,55,65,0
18,15,10,0
96,40,47,0
68,76,84,0
76,86,31,0
40,52,56,0
78,62,60,0
86,62,26,0
66,82,72,0
49,93,60,0
89,53,85,0
62,44,68,0
92,80,80,0
78,93,19,0
93,71,76,0
58,70,59,0
77,71,86,0
29,69,47,0
50,18,19,0
60,30,30,0
79,20,43,0
78,96,67,0
65,59,59,0
90,73,88,0
60,77,12,0
99,64,52,0
82,59,21,0
51,50,37,0
17,12,44,0
52,90,45,0
10,98,88,0
47,46,11,0
71,17,29,0
28,13,85,0
24,83,13,0
81,31,13,0
33,98,16,0
50,51,21,0
12,20,58,0
43,46,65,0
35,99,62,0
42,67,49,0
60,81,11,0
78,63,41,0
45,25,20,0
35,17,32,0
82,54,16,0
16,72,15,0
54,12,67,0
32,46,24,0
93,33,83,0
94,92,22,0
24,74,36,0
47,67,13,0
95,83,97,0
39,73,71,0
88,16,26,0
74,17,37,0
81,79,25,0
98,62,96,0
85,36,75,0
91,80,84,0
15,28,12,0
60,15,39,0
27,37,76,0
98,56,21,0
92,92,12,0
71,12,13,0
34,41,70,0
34,82,23,0
25,96,96,0
35,78,23,0
70,83,26,0
21,74,44,0
53,94,26,0
73,93,37,0
68,86,47,0
61,21,36,0
36,68,50,0
33,74,60,0
96,18,79,0
57,99,45,0
57,47,48,0
38,77,95,0
67,14,16,0
88,37,27,0
65,95,38,0
74,80,94,0
19,95,35,0
87,60,13,0
72,53,15,0
49,40,80,0
38,81,82,0
94,56,24,0
91,43,13,0
92,36,25,0
46,63,71,0
77,60,45,0
16,34,57,0
23,28,95,0
58,36,41,0
80,83,65,0
58,27,91,0
21,66,56,0
42,25,69,0
32,64,30,0
23,62,27,0
80,16,41,0
55,70,43,0
97,80,12,0
21,44,79,0
29,86,45,0
94,67,50,0
94,48,16,0
62,54,71,0
42,31,58,0
51,23,20,0
55,18,70,0
32,38,28,0
69,51,24,0
82,54,59,0
43,56,13,0
72,82,98,0
65,46,94,0
10,73,17,0
79,15,90,0
76,78,41,0
90,72,36,0
10,44,72,0
27,28,25,0
66,92,40,0
63,30,23,0
19,11,12,0
62,30,47,0
63,24,67,0
68,62,20,0
65,72,87,0
48,33,40,0
84,69,43,0
59,20,51,0
79,14,96,0
16,42,93,0
37,29,15,0
26,59,56,0
24,14,36,0
61,21,28,0
43,79,96,0
76,20,63,0
81,45,14,0
73,70,36,0
19,25,59,0
23,59,40,0
53,73,47,0
15,83,18,0
15,10,42,0
15,82,87,0
94,80,67,0
88,50,34,0
44,41,28,0
65,48,13,0
11,29,25,0
47,55,73,0
72,73,24,0
31,27,44,0
74,77,14,0
10,16,69,0
92,24,64,0
35,70,67,0
98,73,61,0
75,81,69,0
33,46,89,0
73,83,97,0
71,43,16,0
33,53,21,0
52,86,43,0
36,37,94,0
18,95,12,0
14,81,41,0
49,67,36,0
35,72,62,0
30,76,20,0
43,43,33,0
10,10,47,0
87,55,21,0
53,69,92,0
82,88,52,0
96,97,13,0
17,96,94,0
82,31,54,0
34,45,64,0
68,62,55,0
78,66,51,0
24,80,57,0
95,36,25,0
52,80,58,0
81,22,41,0
76,60,35,0
90,12,25,0
28,17,80,0
83,91,81,0
38,50,79,0
33,59,22,0
61,37,39,0
76,81,32,0
24,63,88,0
20,74,87,0
50,16,27,0
71,89,98,0
65,18,11,0
11,23,67,0
85,27,98,0
96,22,37,0
37,78,60,0
30,31,76,0
19,60,57,0
81,26,97,0
53,52,55,0
99,91,80,0
77,39,49,0
40,81,29,0
23,80,10,0
57,94,15,0
90,55,60,0
52,53,63,0
50,36,18,0
75,60,71,0
84,62,20,0
96,54,28,0
77,59,65,0
51,46,18,0
88,83,85,0
82,99,91,0
54,65,21,0
77,89,97,0
30,85,39,0
11,91,46,0
55,29,65,0
67,86,15,0
90,11,93,0
66,55,85,0
77,25,70,0
35,45,28,0
33,16,36,0
79,95,51,0
41,58,46,0
58,63,28,0
10,67,91,0
98,90,61,0
23,70,11,0
63,20,25,0
31,88,22,0
43,98,97,0
41,25,48,0
71,84,91,0
58,64,18,0
74,20,57,0
35,49,47,0
85,44,68,0
26,17,54,0
87,72,80,0
94,84,15,0
10,13,94,0
42,16,84,0
30,39,83,0
89,54,84,0
39,67,71,0
15,76,52,0
43,55,12,0
29,26,54,0
74,21,48,0
37,62,53,0
36,24,15,0
78,65,95,0
87,64,62,0
97,23,48,0
51,31,59,0
10,81,40,0
46,54,90,0
59,66,85,0
55,80,42,0
30,53,94,0
64,42,29,0
10,30,12,0
10,28,36,0
90,81,44,0
86,70,63,0
26,15,43,0
18,88,38,0
35,73,32,0
78,40,77,0
88,14,57,0
53,62,91,0
34,67,86,0
19,76,23,0
50,68,97,0
40,25,47,0
36,34,15,0
57,13,13,0
52,57,41,0
17,63,80,0
15,76,14,0
67,81,95,0
68,57,18,0
62,34,47,0
53,75,50,0
17,48,47,0
79,14,84,0
73,59,66,0
31,61,58,0
57,94,71,0
57,41,13,0
96,93,42,0
70,68,76,0
39,70,69,0
51,61,19,0
34,61,90,0
19,28,38,0
48,20,36,0
22,94,24,0
89,44,87,0
57,11,85,0
79,71,86,0
94,98,10,0
47,18,23,0
43,10,71,0
76,81,87,0
94,45,75,0
98,49,50,0
57,56,40,0
38,29,85,0
29,50,14,0
46,49,60,0
54,30,30,0
23,96,18,0
59,21,91,0
33,43,11,0
37,82,93,0
26,29,10,0
29,70,93,0
48,88,32,0
30,10,20,0
25,65,25,0
66,38,19,0
24,62,77,0
80,53,81,0
42,60,14,0
51,64,43,0
60,57,26,0
11,18,50,0
43,47,57,0
68,48,38,0
91,17,60,0
57,99,45,0
76,63,65,0
16,97,36,0
81,62,53,0
83,87,32,0
91,18,37,0
39,45,52,0
20,80,25,0
65,76,34,0
93,62,36,0
41,20,13,0
45,81,41,0
28,70,53,0
96,85,11,0
63,31,53,0
94,38,72,0
25,48,19,0
29,39,11,0
10,64,69,0
74,50,24,0
20,67,38,0
44,26,20,0
27,23,72,0
81,20,56,0
78,28,18,0
76,91,65,0
14,46,68,0
32,15,14,0
22,44,31,0
56,83,85,0
39,53,45,0
60,56,30,0
56,53,19,0
51,44,90,0
25,27,14,0
48,40,13,0
76,41,73,0
89,66,42,0
36,77,80,0
98,94,34,0
40,44,68,0
26,85,33,0
31,93,35,0
82,98,68,0
18,21,75,0
10,52,83,0
25,18,15,0
20,61,43,0
60,13,11,0
90,17,94,0
49,41,96,0
87,85,63,0
81,99,57,0
17,79,77,0
74,97,27,0
70,63,35,0
43,55,32,0
37,22,24,0
34,33,21,0
71,62,68,0
54,51,35,0
16,28,29,0
50,92,68,0
10,95,26,0
75,14,77,0
29,14,35,0
49,63,53,0
34,34,98,0
56,37,80,0
12,98,19,0
90,74,90,0
75,89,95,0
94,32,89,0
91,30,17,0
58,76,63,0
19,42,20,0
77,97,69,0
85,80,43,0
55,91,42,0
82,27,96,0
21,99,75,0
61,15,14,0
91,46,76,0
53,64,62,0
23,42,65,0
14,55,69,0
26,34,24,0
41,40,50,0
95,55,13,0
74,50,98,0
73,71,42,0
54,25,64,0
47,41,54,0
92,86,79,0
98,39,58,0
47,72,87,0
93,46,80,0
10,32,51,0
16,84,19,0
21,81,72,0
88,10,86,0
51,52,37,0
80,44,56,0
26,13,71,0
76,63,15,0
92,12,79,0
99,98,47,0
72,62,10,0
72,13,56,0
78,59,76,0
69,12,99,0
75,93,95,0
86,79,31,0
64,27,37,0
64,92,15,0
30,98,69,0
68,56,94,0
34,80,85,0
98,76,32,0
51,12,62,0
92,62,68,0
69,72,59,0
40,95,47,0
50,79,60,0
13,28,39,0
97,36,71,0
18,69,21,0
32,53,81,0
50,18,76,0
60,55,76,0
42,51,23,0
32,93,43,0
17,84,21,0
82,41,35,0
83,30,79,0
60,65,92,0
60,38,47,0
79,38,82,0
82,62,59,0
83,39,68,0
19,64,62,0
12,19,60,0
72,31,40,0
88,73,23,0
72,25,27,0
82,91,67,0
58,72,45,0
95,14,91,0
55,64,84,0
42,23,26,0
10,54,54,0
60,46,77,0
52,46,89,0
37,24,70,0
76,10,91,0
24,14,23,0
17,28,98,0
17,36,55,0
55,82,90,0
85,60,79,0
73,51,12,0
22,82,37,0
93,15,67,0
74,80,42,0
72,97,58,0
83,93,63,0
58,23,21,0
59,33,99,0
26,90,40,0
66,35,24,0
37,90,51,0
52,98,52,0
90,10,87,0
85,12,73,0
71,45,33,0
79,33,27,0
56,10,35,0
86,65,47,0
66,58,57,0
21,56,86,0
42,53,29,0
98,28,35,0
14,89,70,0
32,76,17,0
53,26,86,0
19,46,41,0
